id,classification
1001,3
1003,6
1005,1
1007,7
1009,8
1011,1
1013,3
1015,4
1017,4
1019,6
1021,5
1023,4
1025,4
1027,5
1029,6
1031,1
1033,6
1035,4
1037,7
1039,1
1041,2
1043,8
1045,3
1047,3
1049,6
1051,4
1053,5
1055,6
1057,8
1059,8
1061,1
1063,6
1065,5
1067,1
1069,4
1071,6
1073,7
1075,6
1077,6
1079,7
1081,1
1083,4
1085,3
1087,4
1089,5
1091,5
1093,5
1095,7
1097,6
1099,5
1101,1
1103,7
1105,7
1107,7
1109,2
1111,3
1113,1
1115,8
1117,7
1119,5
1121,5
1123,4
1125,8
1127,8
1129,6
1131,5
1133,7
2013,0
2016,0
2020,0
2050,1
2060,1
2068,0
2070,3
2090,0
2100,0
2105,0
2110,2
2122,1
2130,0
2150,0
2158,0
2164,3
2170,2
2180,0
2185,0
2188,0
2195,0
2198,0
2220,0
2230,0
2240,0
2261,2
2275,0
2282,0
2290,0
4001,2
4003,2
4005,2
4007,3
4009,1
4011,2
4012,0
4013,1
4015,5
4017,4
4019,1
4021,0
4023,0
4025,2
4027,0
5001,3
5003,3
5005,7
5007,7
5009,7
5011,2
5013,3
5015,8
5017,2
5019,4
5021,5
5023,5
5025,2
5027,3
5029,7
5031,5
5033,8
5035,4
5037,5
5039,4
5041,2
5043,3
5045,7
5047,8
5049,7
5051,7
5053,6
5055,6
5057,4
5059,6
5061,5
5063,6
5065,7
5067,6
5069,4
5071,7
5073,3
5075,6
5077,1
5079,2
5081,6
5083,7
5085,6
5087,7
5089,8
5091,4
5093,7
5095,1
5097,6
5099,4
5101,7
5103,4
5105,6
5107,2
5109,4
5111,6
5113,5
5115,7
5117,3
5119,6
5121,7
5123,3
5125,7
5127,7
5129,7
5131,8
5133,5
5135,7
5137,6
5139,5
5141,7
5143,6
5145,6
5147,5
5149,6
6001,0
6003,2
6005,1
6007,4
6009,0
6011,0
6013,0
6015,0
6017,1
6019,0
6021,3
6023,1
6025,0
6027,0
6029,0
6031,0
6033,3
6035,3
6037,0
6039,0
6041,0
6043,0
6045,1
6047,0
6049,4
6051,0
6053,0
6055,0
6057,0
6059,0
6061,0
6063,5
6065,0
6067,0
6069,0
6071,0
6073,0
6075,0
6077,0
6079,0
6081,0
6083,0
6085,0
6087,0
6089,3
6091,3
6093,2
6095,0
6097,0
6099,0
6101,0
6103,1
6105,2
6107,0
6109,2
6111,0
6113,0
6115,0
8001,1
8003,5
8005,1
8007,0
8009,4
8011,5
8013,1
8014,1
8015,1
8017,2
8019,3
8021,2
8023,5
8025,4
8027,4
8029,2
8031,1
8033,1
8035,3
8037,1
8041,5
8039,3
8043,2
8045,3
8047,4
8049,4
8051,1
8053,1
8055,5
8057,6
8059,1
8061,4
8063,2
8067,0
8065,1
8069,5
8071,6
8073,4
8075,3
8077,4
8079,0
8081,6
8083,0
8085,2
8087,3
8089,6
8091,0
8093,3
8095,2
8097,0
8099,4
8101,4
8103,5
8105,1
8107,3
8109,2
8111,1
8113,0
8115,2
8117,2
8119,4
8121,1
8123,1
8125,0
9001,0
9003,2
9005,5
9007,4
9009,2
9011,4
9013,5
9015,6
10001,6
10003,1
10005,5
11001,0
12001,1
12003,5
12005,2
12007,4
12009,5
12011,0
12013,1
12015,4
12017,7
12019,5
12021,0
12023,5
12027,2
12029,4
12031,3
12033,4
12035,5
12037,3
12039,0
12041,2
12043,4
12045,3
12047,2
12049,3
12051,3
12053,7
12055,5
12057,1
12059,2
12061,6
12063,1
12065,2
12067,3
12069,3
12071,1
12073,0
12075,5
12077,1
12079,0
12081,4
12083,4
12085,3
12086,0
12087,0
12089,6
12091,4
12093,6
12095,2
12097,3
12099,2
12101,7
12103,4
12105,5
12107,5
12109,1
12111,4
12113,3
12115,2
12117,3
12119,4
12121,2
12123,1
12125,1
12127,3
12129,2
12131,2
12133,3
13001,4
13003,4
13005,5
13007,0
13009,2
13011,6
13013,4
13015,3
13017,2
13019,0
13021,1
13023,1
13025,6
13027,0
13029,2
13031,1
13033,3
13035,5
13037,0
13039,5
13043,5
13045,4
13047,6
13049,6
13051,2
13053,0
13055,5
13057,4
13059,2
13061,2
13063,0
13065,4
13067,3
13069,4
13071,1
13073,0
13075,2
13077,2
13079,3
13081,0
13083,5
13085,6
13089,0
13087,0
13091,1
13093,0
13095,0
13097,2
13099,1
13101,2
13103,2
13105,6
13107,2
13109,4
13111,7
13113,1
13115,4
13117,2
13119,7
13121,0
13123,5
13125,1
13127,4
13129,5
13131,0
13133,3
13135,1
13137,5
13139,5
13141,4
13143,7
13145,2
13147,5
13149,5
13151,1
13153,0
13155,1
13157,4
13159,5
13161,5
13163,4
13165,1
13167,1
13169,2
13171,5
13173,1
13175,3
13177,0
13179,3
13181,4
13183,4
13185,1
13187,6
13193,1
13195,6
13197,0
13189,3
13191,5
13199,4
13201,1
13205,1
13207,2
13209,1
13211,6
13213,7
13215,1
13217,3
13219,2
13221,5
13223,4
13225,2
13227,5
13229,4
13231,3
13233,4
13235,0
13237,3
13239,1
13241,6
13243,0
13245,1
13247,2
13249,0
13251,1
13253,1
13255,3
13257,7
13259,1
13261,0
13263,4
13265,5
13267,4
13269,2
13271,1
13273,0
13275,0
13277,0
13279,2
13281,7
13283,1
13285,4
13287,1
13289,2
13291,6
13293,3
13295,5
13297,5
13299,7
13301,5
13303,2
13305,5
13307,0
13309,1
13311,7
13313,3
13315,0
13317,5
13319,3
13321,0
15001,0
15003,6
15005,3
15007,0
15009,3
16001,1
16003,3
16005,3
16007,6
16009,2
16011,4
16013,1
16015,1
16017,2
16019,6
16021,5
16023,3
16025,1
16027,1
16029,6
16031,3
16033,2
16035,4
16037,3
16039,1
16041,4
16043,2
16045,2
16047,0
16049,3
16051,2
16053,0
16055,2
16057,1
16059,3
16061,1
16063,0
16065,2
16067,0
16069,1
16071,3
16073,2
16075,0
16077,4
16079,4
16081,2
16083,1
16085,2
16087,2
17001,6
17003,5
17005,4
17007,6
17009,4
17011,6
17013,6
17015,4
17017,5
17019,5
17021,6
17023,6
17025,4
17027,4
17029,3
17031,0
17033,6
17035,4
17039,6
17037,5
17041,4
17043,1
17045,5
17047,5
17049,4
17051,5
17053,6
17055,7
17057,5
17059,7
17061,6
17063,6
17065,5
17067,3
17069,7
17071,4
17073,3
17075,6
17077,6
17079,4
17081,6
17083,7
17085,4
17087,7
17089,0
17091,4
17093,4
17095,6
17099,6
17097,3
17101,7
17103,7
17105,5
17107,5
17115,5
17117,6
17119,7
17121,6
17123,6
17125,6
17127,7
17109,3
17111,3
17113,6
17129,6
17131,3
17133,6
17135,7
17137,5
17139,4
17141,6
17143,6
17145,7
17147,5
17149,6
17151,7
17153,6
17155,5
17157,7
17159,5
17161,2
17163,4
17165,7
17167,7
17169,4
17171,5
17173,4
17175,5
17177,5
17179,7
17181,6
17183,7
17185,5
17187,4
17189,4
17191,5
17193,6
17195,5
17197,3
17199,7
17201,6
17203,6
18001,8
18003,7
18005,8
18007,7
18009,8
18011,8
18013,8
18015,7
18017,7
18019,8
18021,7
18023,8
18025,8
18027,6
18033,7
18029,8
18031,8
18035,8
18037,6
18039,7
18041,8
18043,8
18045,7
18047,8
18049,8
18051,5
18053,8
18055,8
18057,7
18059,8
18061,8
18063,7
18065,8
18067,6
18069,8
18071,8
18073,6
18075,8
18077,8
18079,8
18081,7
18083,6
18085,7
18087,5
18091,8
18089,4
18093,7
18095,8
18097,8
18099,7
18101,7
18103,7
18105,8
18107,8
18109,8
18111,6
18113,8
18115,8
18117,7
18119,8
18121,7
18123,7
18125,5
18127,7
18129,5
18131,8
18133,8
18135,8
18137,8
18139,8
18141,7
18143,8
18145,8
18147,5
18149,8
18151,7
18153,8
18155,8
18157,7
18159,8
18161,8
18163,6
18165,6
18167,7
18169,8
18171,6
18173,6
18175,8
18177,8
18179,8
18181,7
18183,7
19001,4
19003,4
19005,2
19007,6
19009,2
19011,1
19013,3
19015,5
19017,1
19019,2
19021,1
19023,2
19025,2
19027,3
19029,3
19031,3
19033,5
19035,2
19037,1
19039,6
19041,1
19043,2
19045,2
19047,3
19049,3
19051,4
19053,5
19055,2
19057,5
19059,2
19061,3
19063,1
19065,2
19067,2
19069,2
19071,3
19073,4
19075,3
19077,2
19079,4
19081,2
19083,3
19085,4
19087,3
19089,2
19091,1
19093,2
19095,3
19097,4
19099,4
19101,4
19103,4
19105,2
19107,3
19109,0
19111,5
19113,5
19115,4
19117,4
19119,1
19121,4
19123,3
19125,5
19127,5
19129,4
19131,1
19133,4
19135,5
19137,6
19139,3
19141,0
19143,0
19145,3
19147,2
19149,2
19151,1
19153,5
19155,6
19157,5
19159,5
19161,2
19163,6
19165,2
19167,0
19169,5
19171,4
19173,4
19175,4
19177,3
19179,4
19181,5
19183,4
19185,4
19187,4
19189,1
19191,1
19193,4
19195,3
19197,3
20001,7
20003,6
20005,5
20007,6
20009,3
20011,7
20013,5
20015,7
20017,6
20019,7
20021,8
20023,0
20025,5
20027,4
20029,3
20031,7
20033,6
20035,7
20037,7
20039,2
20041,5
20043,3
20045,5
20047,3
20049,7
20051,2
20053,4
20055,4
20057,1
20059,6
20061,5
20063,2
20065,3
20067,2
20069,2
20071,4
20073,7
20075,5
20077,7
20079,6
20081,2
20083,2
20085,3
20087,4
20089,3
20091,4
20093,3
20095,6
20097,4
20099,7
20101,2
20103,4
20105,4
20107,7
20109,3
20111,4
20115,5
20117,1
20113,5
20119,2
20121,6
20123,3
20125,6
20127,5
20129,5
20131,2
20133,7
20135,2
20137,2
20139,6
20141,2
20143,4
20145,4
20147,2
20149,3
20151,6
20153,0
20155,6
20157,3
20159,5
20161,2
20163,2
20165,3
20167,3
20169,5
20171,3
20173,7
20175,2
20177,5
20179,1
20181,1
20183,2
20185,5
20187,3
20189,3
20191,7
20193,3
20195,3
20197,5
20199,2
20201,2
20203,3
20205,7
20207,7
20209,2
21001,7
21003,6
21005,8
21007,5
21009,6
21011,8
21013,7
21015,8
21017,8
21019,8
21021,7
21023,8
21025,8
21027,7
21029,8
21031,7
21033,7
21035,7
21037,8
21039,6
21041,8
21043,8
21045,7
21047,6
21049,8
21051,8
21053,8
21055,7
21057,8
21059,6
21061,6
21063,8
21065,8
21067,7
21069,8
21071,8
21073,8
21075,4
21077,8
21079,8
21081,8
21083,7
21085,8
21087,6
21089,8
21091,6
21093,8
21095,8
21097,8
21099,7
21101,6
21103,8
21105,5
21107,7
21109,8
21111,6
21113,7
21115,8
21117,8
21119,8
21121,8
21123,7
21125,8
21127,8
21129,8
21131,8
21133,8
21135,8
21137,7
21139,8
21141,7
21143,8
21151,8
21153,8
21155,7
21157,8
21159,8
21161,8
21145,7
21147,7
21149,7
21163,8
21165,8
21167,8
21169,6
21171,7
21173,8
21175,8
21177,8
21179,8
21181,8
21183,7
21185,7
21187,8
21189,8
21191,8
21193,8
21195,8
21197,8
21199,7
21201,8
21203,8
21205,8
21207,8
21209,8
21211,7
21213,6
21215,8
21217,7
21219,7
21221,7
21223,8
21225,8
21227,6
21229,7
21231,7
21233,7
21235,8
21237,8
21239,8
22001,3
22003,3
22005,6
22007,5
22009,6
22011,5
22013,4
22015,2
22017,1
22019,1
22021,6
22023,3
22025,6
22027,3
22029,6
22031,4
22033,5
22035,4
22037,6
22039,2
22041,3
22043,3
22045,7
22047,5
22049,3
22053,4
22051,7
22059,5
22055,6
22057,8
22061,3
22063,8
22065,3
22067,4
22069,4
22071,3
22073,5
22075,7
22077,5
22079,4
22081,2
22083,2
22085,4
22087,5
22089,7
22091,8
22093,5
22095,8
22097,6
22099,6
22101,7
22103,7
22105,7
22107,2
22109,7
22111,3
22113,5
22115,5
22117,7
22119,3
22121,6
22123,1
22125,5
22127,3
23001,6
23003,4
23005,3
23007,5
23009,4
23011,4
23013,3
23015,3
23017,5
23019,5
23021,5
23023,3
23025,6
23027,3
23029,6
23031,5
24001,6
24003,2
24510,0
24005,2
24009,3
24011,5
24013,4
24015,5
24017,1
24019,3
24021,2
24023,5
24025,2
24027,0
24029,3
24031,0
24033,0
24035,3
24037,2
24039,3
24041,1
24043,5
24045,2
24047,2
25001,8
25003,7
25005,8
25007,8
25009,7
25011,7
25013,6
25015,8
25017,7
25019,7
25021,8
25023,8
25025,4
25027,7
26001,5
26003,4
26005,7
26007,6
26009,6
26011,5
26013,6
26015,6
26017,2
26019,7
26021,6
26023,7
26025,7
26027,5
26029,4
26031,6
26033,7
26035,6
26037,5
26039,6
26041,5
26043,5
26045,6
26047,3
26049,5
26051,5
26053,3
26055,6
26057,2
26059,6
26061,3
26063,4
26065,6
26067,7
26069,5
26071,5
26073,4
26075,7
26077,6
26079,7
26081,5
26083,2
26085,6
26087,5
26089,4
26091,6
26093,6
26095,5
26097,5
26099,3
26101,7
26103,6
26105,6
26107,4
26109,5
26111,2
26113,6
26115,6
26117,5
26119,6
26121,7
26123,6
26125,1
26127,6
26129,6
26131,5
26133,5
26135,6
26137,6
26139,3
26141,6
26143,6
26145,0
26147,8
26149,6
26151,4
26153,6
26155,6
26157,2
26159,6
26161,3
26163,0
26165,7
27001,6
27003,6
27005,4
27007,7
27009,6
27011,2
27013,2
27015,0
27017,6
27019,0
27021,6
27023,2
27025,6
27027,6
27029,6
27031,4
27033,1
27035,6
27037,2
27039,2
27041,1
27043,0
27045,3
27047,2
27049,2
27051,2
27053,2
27055,2
27057,4
27059,5
27061,5
27063,0
27065,5
27067,1
27069,4
27071,4
27073,0
27075,6
27077,6
27079,0
27081,1
27083,2
27087,7
27089,2
27091,1
27085,2
27093,3
27095,7
27097,5
27099,4
27101,1
27103,1
27105,0
27107,3
27109,6
27111,3
27113,5
27115,5
27117,0
27119,6
27121,1
27123,4
27125,4
27127,2
27129,3
27131,2
27133,2
27135,3
27137,6
27139,1
27141,5
27143,1
27145,5
27147,3
27149,1
27151,0
27153,3
27155,2
27157,2
27159,3
27161,1
27163,4
27165,0
27167,4
27169,5
27171,3
27173,1
28001,4
28003,6
28005,6
28007,3
28009,4
28011,2
28013,4
28015,3
28017,4
28019,2
28021,3
28023,6
28025,4
28027,5
28029,3
28031,5
28033,5
28035,5
28037,4
28039,7
28041,4
28043,5
28045,6
28047,5
28049,0
28051,3
28053,2
28055,3
28057,6
28059,7
28061,4
28063,4
28065,6
28067,4
28069,5
28071,3
28073,5
28075,2
28077,5
28079,5
28081,4
28083,4
28085,6
28087,5
28089,5
28091,7
28093,4
28095,5
28097,5
28099,4
28101,4
28103,4
28105,1
28107,5
28109,4
28111,7
28113,6
28115,4
28117,5
28119,4
28121,0
28123,2
28125,1
28127,3
28129,4
28131,7
28133,2
28135,3
28137,5
28139,2
28141,8
28143,4
28145,3
28147,5
28149,2
28151,2
28153,6
28155,5
28157,6
28159,5
28161,4
28163,2
29001,5
29003,5
29005,3
29007,7
29009,7
29011,7
29013,8
29015,7
29017,6
29019,4
29021,6
29023,8
29025,6
29027,7
29029,6
29031,5
29033,5
29035,7
29037,7
29039,7
29041,5
29043,7
29045,4
29047,6
29049,7
29051,5
29053,4
29055,8
29057,8
29059,6
29061,5
29063,6
29065,8
29067,7
29069,8
29071,8
29073,7
29075,4
29077,8
29079,5
29081,5
29083,5
29085,7
29087,3
29089,5
29091,7
29093,8
29095,4
29097,7
29099,8
29101,4
29103,5
29105,5
29107,5
29109,8
29111,5
29113,8
29115,5
29117,7
29121,5
29123,8
29125,7
29127,5
29119,7
29129,4
29131,6
29133,5
29135,4
29137,5
29139,7
29141,6
29143,6
29145,6
29147,3
29149,6
29151,6
29153,7
29155,7
29157,7
29159,4
29161,7
29163,6
29165,6
29167,8
29169,6
29171,4
29173,5
29175,5
29177,6
29179,8
29181,6
29183,7
29185,6
29187,8
29510,3
29189,4
29186,8
29195,4
29197,4
29199,4
29201,5
29203,7
29205,5
29207,6
29209,7
29211,6
29213,8
29215,6
29217,7
29219,8
29221,8
29223,8
29225,7
29227,4
29229,5
30001,3
30003,4
30005,4
30007,3
30009,2
30011,2
30013,4
30015,4
30017,3
30019,3
30021,6
30023,4
30025,3
30027,1
30029,5
30031,3
30033,3
30035,5
30037,2
30039,2
30041,5
30043,4
30045,2
30047,4
30049,3
30051,3
30053,5
30057,2
30055,3
30059,4
30061,5
30063,4
30065,3
30067,4
30069,3
30071,2
30073,3
30075,4
30077,6
30079,3
30081,2
30083,4
30085,7
30087,4
30089,5
30091,4
30093,5
30095,1
30097,1
30099,2
30101,3
30103,1
30105,3
30107,2
30109,3
30111,1
31001,0
31003,0
31005,0
31007,2
31009,0
31011,0
31013,3
31015,0
31017,0
31019,2
31021,2
31023,1
31025,4
31027,0
31029,1
31031,1
31033,1
31035,1
31037,1
31039,1
31041,1
31043,3
31045,2
31047,2
31049,1
31051,1
31053,3
31055,2
31057,0
31059,2
31061,2
31063,0
31065,1
31067,3
31069,1
31071,1
31073,1
31075,0
31077,0
31079,2
31081,1
31083,3
31085,1
31087,1
31089,0
31091,0
31093,1
31095,4
31097,3
31099,2
31101,0
31103,0
31105,4
31107,0
31109,3
31111,2
31113,0
31115,0
31119,1
31117,0
31121,3
31123,1
31125,2
31127,4
31129,2
31131,2
31133,2
31135,0
31137,2
31139,0
31141,1
31143,1
31145,1
31147,3
31149,0
31151,2
31153,4
31155,2
31157,2
31159,3
31161,2
31163,0
31165,2
31167,1
31169,2
31171,0
31173,4
31175,0
31177,2
31179,0
31181,2
31183,1
31185,2
32510,2
32001,4
32003,1
32005,2
32007,4
32009,2
32011,4
32013,2
32015,4
32017,6
32019,2
32021,3
32023,7
32027,2
32029,1
32031,0
32033,7
33001,6
33003,5
33005,7
33007,7
33009,6
33011,8
33013,7
33015,8
33017,8
33019,6
34001,0
34003,0
34005,1
34007,1
34009,2
34011,1
34013,0
34015,2
34017,0
34019,0
34021,0
34023,0
34025,0
34027,1
34029,3
34031,0
34033,3
34035,0
34037,2
34039,0
34041,2
35001,0
35003,3
35005,1
35006,1
35007,5
35009,2
35011,1
35013,1
35015,2
35017,4
35019,2
35021,2
35023,4
35025,2
35027,3
35028,0
35029,2
35031,0
35033,3
35035,3
35037,4
35039,3
35041,1
35045,3
35047,2
35043,2
35049,0
35051,5
35053,4
35055,3
35057,5
35059,4
35061,1
36001,2
36003,6
36005,0
36007,7
36009,6
36011,6
36013,7
36015,5
36017,7
36019,4
36021,3
36023,6
36025,5
36027,5
36029,7
36031,4
36033,4
36035,4
36037,4
36039,4
36041,5
36043,3
36045,7
36047,0
36049,5
36051,5
36053,7
36055,4
36057,3
36059,0
36061,0
36063,7
36065,6
36067,6
36069,4
36071,4
36073,4
36075,7
36077,6
36079,1
36081,0
36083,3
36085,0
36087,0
36089,5
36091,1
36093,3
36095,2
36097,5
36099,5
36101,6
36103,1
36105,5
36107,8
36109,5
36111,2
36113,3
36115,2
36117,4
36119,0
36121,5
36123,5
37001,1
37003,7
37005,7
37007,4
37009,7
37011,6
37013,1
37015,0
37017,5
37019,6
37021,1
37023,6
37025,3
37027,7
37029,0
37031,5
37033,4
37035,6
37037,1
37039,6
37041,1
37043,6
37045,5
37047,5
37049,4
37051,3
37053,1
37055,3
37057,6
37059,6
37061,1
37063,0
37065,3
37067,3
37069,1
37071,5
37073,0
37075,7
37077,1
37079,1
37081,1
37083,1
37085,3
37087,6
37089,5
37091,0
37093,4
37095,3
37097,5
37099,5
37101,0
37103,4
37105,3
37107,1
37109,4
37113,6
37115,4
37117,2
37111,6
37119,0
37121,6
37123,4
37125,4
37127,1
37129,4
37131,0
37133,6
37135,0
37137,4
37139,0
37141,5
37143,0
37145,1
37147,2
37149,4
37151,5
37153,5
37155,5
37157,4
37159,6
37161,5
37163,5
37165,5
37167,4
37169,5
37171,6
37173,7
37175,6
37177,2
37179,1
37181,1
37183,0
37185,1
37187,0
37189,6
37191,1
37193,8
37195,0
37197,7
37199,6
38001,2
38003,3
38005,6
38007,3
38009,0
38011,1
38013,0
38015,1
38017,5
38019,2
38021,1
38023,0
38025,1
38027,2
38029,0
38031,0
38033,3
38035,4
38037,0
38039,1
38041,0
38043,0
38045,0
38047,0
38049,0
38051,0
38053,4
38055,2
38057,1
38059,3
38061,1
38063,3
38065,1
38067,3
38069,2
38071,4
38073,2
38075,1
38077,2
38079,4
38081,1
38083,0
38085,4
38087,1
38089,2
38091,2
38093,2
38095,2
38097,3
38099,2
38101,0
38103,0
38105,3
39001,8
39003,8
39005,7
39007,8
39009,8
39011,7
39013,8
39015,8
39017,8
39019,8
39021,8
39023,8
39025,8
39027,8
39029,8
39031,8
39033,8
39035,2
39037,8
39039,8
39041,7
39043,8
39045,8
39047,8
39049,7
39051,7
39053,8
39055,7
39057,8
39059,8
39061,8
39063,7
39065,8
39067,8
39069,7
39071,8
39073,8
39075,7
39077,8
39079,8
39081,8
39083,8
39085,8
39087,8
39089,8
39091,7
39093,8
39095,7
39097,8
39099,7
39101,8
39103,7
39105,8
39107,8
39109,8
39111,8
39113,8
39115,8
39117,8
39119,6
39121,7
39123,7
39125,7
39127,7
39129,8
39131,8
39133,8
39135,8
39137,7
39139,8
39141,8
39143,8
39145,8
39147,8
39149,8
39151,8
39153,8
39155,8
39157,7
39159,7
39161,8
39163,8
39165,8
39167,8
39169,7
39171,7
39173,8
39175,7
40001,8
40003,6
40005,7
40007,5
40009,6
40011,6
40013,6
40015,7
40017,8
40019,8
40021,8
40023,7
40025,4
40027,7
40029,8
40031,7
40033,6
40035,8
40037,8
40039,6
40041,8
40043,5
40045,5
40047,7
40049,7
40051,7
40053,6
40055,5
40057,4
40059,6
40061,8
40063,8
40065,5
40067,8
40069,8
40071,7
40073,7
40075,7
40077,7
40079,8
40081,8
40083,6
40085,6
40093,5
40095,6
40097,8
40087,8
40089,6
40091,8
40099,8
40101,8
40103,8
40105,7
40107,8
40109,5
40111,8
40113,7
40115,8
40117,8
40119,7
40121,8
40123,8
40125,8
40127,8
40129,5
40131,8
40133,8
40135,8
40137,7
40139,5
40141,6
40143,8
40145,8
40147,8
40149,6
40151,6
40153,7
41001,4
41003,1
41005,0
41007,1
41009,1
41011,1
41013,2
41015,1
41017,1
41019,2
41021,0
41023,2
41025,2
41027,0
41029,0
41031,3
41033,1
41035,1
41037,4
41039,3
41041,2
41043,4
41045,3
41047,0
41049,1
41051,0
41053,0
41055,0
41057,1
41059,0
41061,2
41063,2
41065,3
41067,0
41069,1
41071,0
42001,5
42003,2
42005,8
42007,7
42009,6
42011,2
42013,5
42015,6
42017,4
42019,8
42021,7
42023,7
42025,6
42027,4
42029,2
42031,8
42033,7
42035,7
42037,4
42039,8
42041,5
42043,4
42045,5
42047,7
42049,5
42051,8
42053,8
42055,6
42057,6
42059,8
42061,5
42063,8
42065,8
42067,5
42069,5
42071,2
42073,8
42075,2
42077,5
42079,5
42081,6
42083,8
42085,8
42087,5
42089,5
42091,1
42093,6
42095,2
42097,4
42099,5
42101,1
42103,5
42105,6
42107,3
42109,4
42111,8
42113,7
42115,8
42117,6
42119,4
42121,8
42123,7
42125,7
42127,7
42129,8
42131,7
42133,6
44001,6
44003,7
44005,4
44007,4
44009,6
45001,4
45003,1
45005,1
45007,6
45009,2
45011,3
45013,1
45015,3
45017,1
45019,0
45021,3
45023,4
45025,3
45027,2
45029,3
45031,3
45033,3
45035,0
45037,1
45039,3
45041,2
45043,3
45045,2
45047,1
45049,2
45051,6
45053,2
45055,3
45057,1
45059,4
45061,2
45063,3
45067,4
45069,3
45065,5
45071,3
45073,6
45075,2
45077,8
45079,0
45081,1
45083,2
45085,0
45087,4
45089,2
45091,4
46003,1
46005,1
46007,1
46009,0
46011,1
46013,1
46015,2
46017,5
46019,1
46021,0
46023,0
46025,0
46027,1
46029,0
46031,4
46033,2
46035,1
46037,1
46039,0
46041,4
46043,0
46045,0
46047,3
46049,0
46051,0
46053,0
46055,1
46057,0
46059,0
46061,0
46063,2
46065,1
46067,0
46069,1
46071,3
46073,0
46075,1
46077,0
46079,1
46081,1
46083,0
46085,2
46091,1
46087,1
46089,0
46093,2
46095,2
46097,0
46099,3
46101,3
46102,5
46103,2
46105,1
46107,0
46109,2
46111,0
46115,1
46117,1
46119,0
46121,5
46123,0
46125,0
46127,1
46129,2
46135,1
46137,3
47001,7
47003,8
47005,8
47007,6
47009,7
47011,7
47013,8
47015,7
47017,6
47019,5
47021,8
47023,5
47025,8
47027,8
47029,7
47031,7
47033,4
47035,7
47037,4
47041,7
47039,7
47043,8
47045,4
47047,3
47049,7
47051,7
47053,2
47055,7
47057,7
47059,7
47061,7
47063,8
47065,3
47067,7
47069,4
47071,7
47073,7
47075,4
47077,5
47079,7
47081,7
47083,8
47085,8
47087,8
47089,7
47091,7
47093,8
47095,5
47097,5
47099,7
47101,7
47103,7
47105,5
47111,6
47113,2
47115,6
47117,7
47119,7
47107,6
47109,6
47121,8
47123,7
47125,7
47127,7
47129,7
47131,3
47133,8
47135,8
47137,7
47139,7
47141,7
47143,7
47145,8
47147,7
47149,7
47151,8
47153,6
47155,7
47157,3
47159,7
47161,8
47163,6
47165,6
47167,4
47169,7
47171,6
47173,8
47175,6
47177,6
47179,4
47181,7
47183,4
47185,7
47187,4
47189,7
48001,2
48003,1
48005,3
48007,5
48009,5
48011,2
48013,1
48015,0
48017,0
48019,1
48021,3
48023,5
48025,1
48027,1
48029,1
48031,2
48033,0
48035,2
48037,3
48039,1
48041,1
48043,0
48045,1
48047,3
48049,3
48051,2
48053,2
48055,1
48057,4
48059,3
48061,0
48063,3
48065,3
48067,4
48069,0
48071,4
48073,3
48075,1
48077,6
48079,1
48081,2
48083,2
48085,1
48087,3
48089,1
48091,1
48093,1
48095,1
48097,6
48099,1
48101,1
48103,2
48105,1
48107,1
48109,0
48111,2
48113,1
48115,1
48123,1
48117,1
48119,3
48121,1
48125,1
48127,2
48129,3
48131,3
48133,3
48135,3
48137,1
48141,0
48139,0
48143,2
48145,1
48147,4
48149,1
48151,1
48153,0
48155,3
48157,0
48159,2
48161,2
48163,1
48165,1
48167,4
48169,1
48171,0
48173,0
48175,2
48177,3
48179,3
48181,5
48183,3
48185,2
48187,2
48189,1
48191,2
48193,2
48195,3
48197,2
48199,6
48201,0
48203,3
48205,1
48207,3
48209,1
48211,3
48213,5
48215,0
48217,2
48219,1
48221,5
48223,1
48225,2
48227,1
48229,0
48231,3
48233,4
48235,1
48237,5
48239,2
48241,4
48243,0
48245,4
48247,1
48249,2
48251,3
48253,1
48255,1
48257,3
48259,1
48261,1
48263,1
48265,2
48267,1
48269,2
48271,0
48273,1
48275,3
48283,1
48277,4
48279,1
48281,0
48285,0
48287,1
48289,2
48291,4
48293,2
48295,4
48297,2
48299,5
48301,3
48303,1
48305,0
48313,3
48315,4
48317,1
48319,1
48321,4
48323,1
48307,1
48309,0
48311,2
48325,0
48327,1
48329,2
48331,3
48333,1
48335,2
48337,5
48339,1
48341,1
48343,4
48345,1
48347,4
48349,2
48351,6
48353,4
48355,3
48357,3
48359,1
48361,6
48363,5
48365,3
48367,5
48369,0
48371,1
48373,5
48375,2
48377,0
48379,2
48381,2
48383,2
48385,1
48387,4
48389,1
48391,3
48393,4
48395,3
48397,2
48399,1
48401,3
48403,4
48405,5
48407,4
48409,4
48411,2
48413,1
48415,1
48417,2
48419,4
48421,3
48423,3
48425,3
48427,0
48429,2
48431,2
48433,1
48435,1
48437,0
48439,0
48441,3
48443,0
48445,1
48447,3
48449,2
48451,2
48453,0
48455,5
48457,4
48459,3
48461,1
48463,0
48465,0
48467,4
48469,3
48471,3
48473,3
48475,1
48477,1
48479,1
48481,1
48483,4
48485,6
48487,5
48489,0
48491,1
48493,2
48495,2
48497,4
48499,3
48501,0
48503,6
48505,2
48507,1
49001,6
49003,7
49005,5
49007,8
49009,7
49011,6
49013,7
49015,7
49017,4
49019,5
49021,5
49023,7
49025,5
49027,6
49029,7
49031,5
49033,6
49035,7
49037,4
49039,6
49041,6
49043,7
49045,8
49047,6
49049,7
49051,5
49053,6
49055,5
49057,7
50001,5
50003,7
50005,3
50007,3
50009,5
50011,3
50013,3
50015,3
50017,4
50019,3
50021,6
50023,2
50025,7
50027,5
51001,4
51003,0
51510,0
51005,7
51007,1
51009,3
51011,2
51013,0
51015,5
51017,6
51019,3
51021,8
51023,5
51520,4
51025,0
51027,8
51029,1
51530,3
51031,4
51033,4
51035,7
51036,3
51037,1
51540,0
51550,0
51041,1
51043,6
51570,1
51580,6
51045,7
51047,5
51049,1
51590,5
51051,8
51053,0
51595,0
51057,4
51600,0
51059,0
51610,0
51061,5
51063,6
51065,0
51620,0
51067,6
51069,7
51630,3
51640,5
51071,8
51073,3
51075,1
51077,6
51079,2
51081,0
51083,2
51650,0
51085,1
51660,3
51087,0
51089,7
51091,6
51670,2
51093,0
51095,0
51099,2
51101,3
51097,3
51103,3
51105,7
51678,0
51107,1
51109,2
51111,0
51680,1
51113,3
51683,1
51685,1
51690,6
51115,1
51117,0
51119,2
51121,4
51125,2
51127,1
51700,0
51710,0
51131,3
51133,2
51720,2
51135,1
51137,4
51139,4
51141,7
51730,1
51143,5
51735,0
51740,0
51145,0
51147,1
51149,0
51153,1
51155,8
51750,3
51157,5
51760,0
51159,3
51770,1
51161,5
51163,3
51165,3
51167,7
51775,3
51169,7
51171,4
51173,6
51175,0
51177,3
51179,2
51790,5
51800,0
51181,2
51183,2
51185,8
51810,3
51187,7
51191,4
51820,5
51193,3
51830,0
51840,6
51195,8
51197,7
51199,0
53001,0
53003,2
53005,1
53007,2
53009,3
53011,0
53013,0
53015,4
53017,2
53019,5
53021,0
53023,2
53025,1
53027,4
53029,0
53031,3
53033,0
53035,0
53037,0
53039,0
53041,2
53043,3
53045,3
53047,4
53049,3
53051,4
53053,0
53055,1
53057,1
53059,1
53061,1
53063,1
53065,4
53067,0
53069,2
53071,1
53073,0
53075,0
53077,0
54001,6
54003,8
54005,8
54007,8
54009,8
54011,8
54013,8
54015,8
54017,8
54019,8
54021,8
54023,5
54025,8
54027,8
54029,8
54031,6
54033,7
54035,8
54037,7
54039,8
54041,7
54043,8
54045,8
54049,5
54051,8
54053,8
54047,8
54055,8
54057,6
54059,8
54061,6
54063,8
54065,8
54067,8
54069,8
54071,5
54073,7
54075,7
54077,7
54079,8
54081,8
54083,6
54085,7
54087,8
54089,8
54091,6
54093,4
54095,8
54097,6
54099,8
54101,8
54103,8
54105,8
54107,8
54109,8
55001,7
55003,6
55005,3
55007,4
55009,5
55011,3
55013,6
55015,6
55017,2
55019,2
55021,6
55023,3
55025,5
55027,6
55029,5
55031,5
55033,4
55035,3
55037,6
55039,6
55041,7
55043,4
55045,4
55047,6
55049,4
55051,3
55053,4
55055,6
55057,5
55059,7
55061,5
55063,3
55065,3
55067,6
55069,6
55071,5
55073,5
55075,5
55077,6
55078,7
55079,3
55081,6
55083,4
55085,6
55087,4
55089,4
55091,1
55093,2
55095,4
55097,4
55099,4
55101,6
55103,3
55105,6
55107,4
55109,3
55111,5
55113,6
55115,4
55117,3
55119,2
55121,3
55123,3
55125,6
55127,6
55129,6
55131,6
55133,4
55135,5
55137,5
55139,7
55141,3
56001,5
56003,4
56005,6
56007,7
56009,5
56011,2
56013,6
56015,3
56017,6
56019,4
56021,5
56023,6
56025,7
56027,3
56029,5
56031,5
56033,4
56035,3
56037,7
56039,3
56041,8
56043,5
56045,3
